{
  "_typename" : "TGeoManager",
  "fUniqueID" : 0,
  "fBits" : 0,
  "fName" : "Default",
  "fTitle" : "Geometry imported from GDML",
  "fNNodes" : 65825,
  "fVisDensity" : 0,
  "fExplodedView" : 0,
  "fVisOption" : 1,
  "fVisLevel" : 99,
  "fNsegments" : 20,
  "fNtracks" : 0,
  "fMaxVisNodes" : 1000000,
  "fNpdg" : 0,
  "fPdgId" : [0, 0, 0, 0, 0, 0, 0, 0, 0, 0, 0, 0, 0, 0, 0, 0, 0, 0, 0, 0, 0, 0, 0, 0, 0, 0, 0, 0, 0, 0, 0, 0, 0, 0, 0, 0, 0, 0, 0, 0, 0, 0, 0, 0, 0, 0, 0, 0, 0, 0, 0, 0, 0, 0, 0, 0, 0, 0, 0, 0, 0, 0, 0, 0, 0, 0, 0, 0, 0, 0, 0, 0, 0, 0, 0, 0, 0, 0, 0, 0, 0, 0, 0, 0, 0, 0, 0, 0, 0, 0, 0, 0, 0, 0, 0, 0, 0, 0, 0, 0, 0, 0, 0, 0, 0, 0, 0, 0, 0, 0, 0, 0, 0, 0, 0, 0, 0, 0, 0, 0, 0, 0, 0, 0, 0, 0, 0, 0, 0, 0, 0, 0, 0, 0, 0, 0, 0, 0, 0, 0, 0, 0, 0, 0, 0, 0, 0, 0, 0, 0, 0, 0, 0, 0, 0, 0, 0, 0, 0, 0, 0, 0, 0, 0, 0, 0, 0, 0, 0, 0, 0, 0, 0, 0, 0, 0, 0, 0, 0, 0, 0, 0, 0, 0, 0, 0, 0, 0, 0, 0, 0, 0, 0, 0, 0, 0, 0, 0, 0, 0, 0, 0, 0, 0, 0, 0, 0, 0, 0, 0, 0, 0, 0, 0, 0, 0, 0, 0, 0, 0, 0, 0, 0, 0, 0, 0, 0, 0, 0, 0, 0, 0, 0, 0, 0, 0, 0, 0, 0, 0, 0, 0, 0, 0, 0, 0, 0, 0, 0, 0, 0, 0, 0, 0, 0, 0, 0, 0, 0, 0, 0, 0, 0, 0, 0, 0, 0, 0, 0, 0, 0, 0, 0, 0, 0, 0, 0, 0, 0, 0, 0, 0, 0, 0, 0, 0, 0, 0, 0, 0, 0, 0, 0, 0, 0, 0, 0, 0, 0, 0, 0, 0, 0, 0, 0, 0, 0, 0, 0, 0, 0, 0, 0, 0, 0, 0, 0, 0, 0, 0, 0, 0, 0, 0, 0, 0, 0, 0, 0, 0, 0, 0, 0, 0, 0, 0, 0, 0, 0, 0, 0, 0, 0, 0, 0, 0, 0, 0, 0, 0, 0, 0, 0, 0, 0, 0, 0, 0, 0, 0, 0, 0, 0, 0, 0, 0, 0, 0, 0, 0, 0, 0, 0, 0, 0, 0, 0, 0, 0, 0, 0, 0, 0, 0, 0, 0, 0, 0, 0, 0, 0, 0, 0, 0, 0, 0, 0, 0, 0, 0, 0, 0, 0, 0, 0, 0, 0, 0, 0, 0, 0, 0, 0, 0, 0, 0, 0, 0, 0, 0, 0, 0, 0, 0, 0, 0, 0, 0, 0, 0, 0, 0, 0, 0, 0, 0, 0, 0, 0, 0, 0, 0, 0, 0, 0, 0, 0, 0, 0, 0, 0, 0, 0, 0, 0, 0, 0, 0, 0, 0, 0, 0, 0, 0, 0, 0, 0, 0, 0, 0, 0, 0, 0, 0, 0, 0, 0, 0, 0, 0, 0, 0, 0, 0, 0, 0, 0, 0, 0, 0, 0, 0, 0, 0, 0, 0, 0, 0, 0, 0, 0, 0, 0, 0, 0, 0, 0, 0, 0, 0, 0, 0, 0, 0, 0, 0, 0, 0, 0, 0, 0, 0, 0, 0, 0, 0, 0, 0, 0, 0, 0, 0, 0, 0, 0, 0, 0, 0, 0, 0, 0, 0, 0, 0, 0, 0, 0, 0, 0, 0, 0, 0, 0, 0, 0, 0, 0, 0, 0, 0, 0, 0, 0, 0, 0, 0, 0, 0, 0, 0, 0, 0, 0, 0, 0, 0, 0, 0, 0, 0, 0, 0, 0, 0, 0, 0, 0, 0, 0, 0, 0, 0, 0, 0, 0, 0, 0, 0, 0, 0, 0, 0, 0, 0, 0, 0, 0, 0, 0, 0, 0, 0, 0, 0, 0, 0, 0, 0, 0, 0, 0, 0, 0, 0, 0, 0, 0, 0, 0, 0, 0, 0, 0, 0, 0, 0, 0, 0, 0, 0, 0, 0, 0, 0, 0, 0, 0, 0, 0, 0, 0, 0, 0, 0, 0, 0, 0, 0, 0, 0, 0, 0, 0, 0, 0, 0, 0, 0, 0, 0, 0, 0, 0, 0, 0, 0, 0, 0, 0, 0, 0, 0, 0, 0, 0, 0, 0, 0, 0, 0, 0, 0, 0, 0, 0, 0, 0, 0, 0, 0, 0, 0, 0, 0, 0, 0, 0, 0, 0, 0, 0, 0, 0, 0, 0, 0, 0, 0, 0, 0, 0, 0, 0, 0, 0, 0, 0, 0, 0, 0, 0, 0, 0, 0, 0, 0, 0, 0, 0, 0, 0, 0, 0, 0, 0, 0, 0, 0, 0, 0, 0, 0, 0, 0, 0, 0, 0, 0, 0, 0, 0, 0, 0, 0, 0, 0, 0, 0, 0, 0, 0, 0, 0, 0, 0, 0, 0, 0, 0, 0, 0, 0, 0, 0, 0, 0, 0, 0, 0, 0, 0, 0, 0, 0, 0, 0, 0, 0, 0, 0, 0, 0, 0, 0, 0, 0, 0, 0, 0, 0, 0, 0, 0, 0, 0, 0, 0, 0, 0, 0, 0, 0, 0, 0, 0, 0, 0, 0, 0, 0, 0, 0, 0, 0, 0, 0, 0, 0, 0, 0, 0, 0, 0, 0, 0, 0, 0, 0, 0, 0, 0, 0, 0, 0, 0, 0, 0, 0, 0, 0, 0, 0, 0, 0, 0, 0, 0, 0, 0, 0, 0, 0, 0, 0, 0, 0, 0, 0, 0, 0, 0, 0, 0, 0, 0, 0, 0, 0, 0, 0, 0, 0, 0, 0, 0, 0, 0, 0, 0, 0, 0, 0, 0, 0, 0, 0, 0, 0, 0, 0, 0, 0, 0, 0, 0, 0, 0, 0, 0, 0, 0, 0, 0, 0, 0, 0, 0, 0, 0, 0, 0, 0, 0, 0, 0, 0, 0, 0, 0, 0, 0, 0, 0, 0, 0, 0, 0, 0, 0, 0, 0, 0, 0, 0, 0, 0, 0, 0, 0, 0, 0, 0, 0, 0, 0, 0, 0, 0, 0, 0, 0, 0, 0, 0, 0, 0, 0, 0, 0, 0, 0, 0, 0, 0, 0, 0, 0, 0, 0, 0, 0, 0, 0, 0, 0, 0, 0, 0, 0, 0, 0, 0, 0, 0, 0, 0, 0, 0, 0, 0, 0, 0, 0, 0, 0, 0, 0, 0, 0, 0, 0, 0, 0, 0],
  "fStreamVoxels" : false,
  "fPhiCut" : false,
  "fTimeCut" : false,
  "fMatrices" : {
    "_typename" : "TObjArray",
    "name" : "TObjArray",
    "arr" : [{
      "_typename" : "TGeoIdentity",
      "fUniqueID" : 0,
      "fBits" : 2097152,
      "fName" : "Identity",
      "fTitle" : ""
    }, {
      "_typename" : "TGeoCombiTrans",
      "fUniqueID" : 0,
      "fBits" : 2097152,
      "fName" : "",
      "fTitle" : "",
      "fTranslation" : [0, 0, 0],
      "fRotation" : null
    }, {
      "_typename" : "TGeoCombiTrans",
      "fUniqueID" : 0,
      "fBits" : 2228224,
      "fName" : "",
      "fTitle" : "",
      "fTranslation" : [0, 0, 157.3],
      "fRotation" : null
    }, {
      "_typename" : "TGeoCombiTrans",
      "fUniqueID" : 0,
      "fBits" : 2097152,
      "fName" : "",
      "fTitle" : "",
      "fTranslation" : [0, 0, 0],
      "fRotation" : null
    }, {
      "_typename" : "TGeoCombiTrans",
      "fUniqueID" : 0,
      "fBits" : 10878976,
      "fName" : "",
      "fTitle" : "",
      "fTranslation" : [0, 0, -157.3],
      "fRotation" : {
        "_typename" : "TGeoRotation",
        "fUniqueID" : 0,
        "fBits" : 2359296,
        "fName" : "",
        "fTitle" : "",
        "fRotationMatrix" : [-1, 1.22464679914735e-16, -1.22464679914735e-16, 1.22464679914735e-16, 1, 1.22464679914735e-16, 1.22464679914735e-16, 1.22464679914735e-16, -1]
      }
    }, {"$ref":7}, {
      "_typename" : "TGeoCombiTrans",
      "fUniqueID" : 0,
      "fBits" : 2097152,
      "fName" : "",
      "fTitle" : "",
      "fTranslation" : [0, 0, 0],
      "fRotation" : null
    }, {
      "_typename" : "TGeoCombiTrans",
      "fUniqueID" : 0,
      "fBits" : 2228224,
      "fName" : "",
      "fTitle" : "",
      "fTranslation" : [0, 0, 157.3],
      "fRotation" : null
    }, {
      "_typename" : "TGeoCombiTrans",
      "fUniqueID" : 0,
      "fBits" : 2097152,
      "fName" : "",
      "fTitle" : "",
      "fTranslation" : [0, 0, 0],
      "fRotation" : null
    }, {
      "_typename" : "TGeoCombiTrans",
      "fUniqueID" : 0,
      "fBits" : 10878976,
      "fName" : "",
      "fTitle" : "",
      "fTranslation" : [0, 0, -157.3],
      "fRotation" : {
        "_typename" : "TGeoRotation",
        "fUniqueID" : 0,
        "fBits" : 2359296,
        "fName" : "",
        "fTitle" : "",
        "fRotationMatrix" : [-1, 1.22464679914735e-16, -1.22464679914735e-16, 1.22464679914735e-16, 1, 1.22464679914735e-16, 1.22464679914735e-16, 1.22464679914735e-16, -1]
      }
    }, {"$ref":12}, {
      "_typename" : "TGeoCombiTrans",
      "fUniqueID" : 0,
      "fBits" : 2097152,
      "fName" : "",
      "fTitle" : "",
      "fTranslation" : [0, 0, 0],
      "fRotation" : null
    }, {
      "_typename" : "TGeoCombiTrans",
      "fUniqueID" : 0,
      "fBits" : 2228224,
      "fName" : "",
      "fTitle" : "",
      "fTranslation" : [0.0644339464391988, 2.46063314094008, 0],
      "fRotation" : null
    }, {
      "_typename" : "TGeoCombiTrans",
      "fUniqueID" : 0,
      "fBits" : 2097152,
      "fName" : "",
      "fTitle" : "",
      "fTranslation" : [0, 0, 0],
      "fRotation" : null
    }, {
      "_typename" : "TGeoCombiTrans",
      "fUniqueID" : 0,
      "fBits" : 2097152,
      "fName" : "",
      "fTitle" : "",
      "fTranslation" : [0, 0, 0],
      "fRotation" : null
    }, {
      "_typename" : "TGeoCombiTrans",
      "fUniqueID" : 0,
      "fBits" : 2097152,
      "fName" : "",
      "fTitle" : "",
      "fTranslation" : [0, 0, 0],
      "fRotation" : null
    }, {
      "_typename" : "TGeoCombiTrans",
      "fUniqueID" : 0,
      "fBits" : 2097152,
      "fName" : "",
      "fTitle" : "",
      "fTranslation" : [0, 0, 0],
      "fRotation" : null
    }, {
      "_typename" : "TGeoHMatrix",
      "fUniqueID" : 0,
      "fBits" : 2228224,
      "fName" : "",
      "fTitle" : "",
      "fTranslation" : [0, 0, 0],
      "fRotationMatrix" : [1, 0, 0, 0, 1, 0, 0, 0, 1],
      "fScale" : [1, 1, 1]
    }, {
      "_typename" : "TGeoHMatrix",
      "fUniqueID" : 0,
      "fBits" : 2228224,
      "fName" : "",
      "fTitle" : "",
      "fTranslation" : [0, 0, 1.2],
      "fRotationMatrix" : [1, 0, 0, 0, 1, 0, 0, 0, 1],
      "fScale" : [1, 1, 1]
    }, {
      "_typename" : "TGeoHMatrix",
      "fUniqueID" : 0,
      "fBits" : 2228224,
      "fName" : "",
      "fTitle" : "",
      "fTranslation" : [0, 0, 0.15],
      "fRotationMatrix" : [1, 0, 0, 0, 1, 0, 0, 0, 1],
      "fScale" : [1, 1, 1]
    }, {
      "_typename" : "TGeoHMatrix",
      "fUniqueID" : 0,
      "fBits" : 2228224,
      "fName" : "",
      "fTitle" : "",
      "fTranslation" : [0, 0, -1.185],
      "fRotationMatrix" : [1, 0, 0, 0, 1, 0, 0, 0, 1],
      "fScale" : [1, 1, 1]
    }, {
      "_typename" : "TGeoHMatrix",
      "fUniqueID" : 0,
      "fBits" : 2228224,
      "fName" : "",
      "fTitle" : "",
      "fTranslation" : [0, 0, -1.05],
      "fRotationMatrix" : [1, 0, 0, 0, 1, 0, 0, 0, 1],
      "fScale" : [1, 1, 1]
    }, {
      "_typename" : "TGeoHMatrix",
      "fUniqueID" : 0,
      "fBits" : 2228224,
      "fName" : "",
      "fTitle" : "",
      "fTranslation" : [0, 0, -1.475],
      "fRotationMatrix" : [1, 0, 0, 0, 1, 0, 0, 0, 1],
      "fScale" : [1, 1, 1]
    }, {
      "_typename" : "TGeoHMatrix",
      "fUniqueID" : 0,
      "fBits" : 2228224,
      "fName" : "",
      "fTitle" : "",
      "fTranslation" : [0, 0, -1.35],
      "fRotationMatrix" : [1, 0, 0, 0, 1, 0, 0, 0, 1],
      "fScale" : [1, 1, 1]
    }, {
      "_typename" : "TGeoHMatrix",
      "fUniqueID" : 0,
      "fBits" : 2228224,
      "fName" : "",
      "fTitle" : "",
      "fTranslation" : [123.8, -3.49771889094597, 159.938196796088],
      "fRotationMatrix" : [1, 0, 0, 0, 1, 0, 0, 0, 1],
      "fScale" : [1, 1, 1]
    }, {
      "_typename" : "TGeoHMatrix",
      "fUniqueID" : 0,
      "fBits" : 2228224,
      "fName" : "",
      "fTitle" : "",
      "fTranslation" : [0, 0, 157.776393592175],
      "fRotationMatrix" : [1, 0, 0, 0, 1, 0, 0, 0, 1],
      "fScale" : [1, 1, 1]
    }, {
      "_typename" : "TGeoHMatrix",
      "fUniqueID" : 0,
      "fBits" : 2490368,
      "fName" : "",
      "fTitle" : "",
      "fTranslation" : [111.365169427147, -2.82768229426672, 156.580853302619],
      "fRotationMatrix" : [4.8803819628538e-17, -0.797026859703828, 0.603943859071896, 1, 3.3210216756173e-17, -3.69808956938549e-17, 9.41766069557071e-18, 0.603943859071896, 0.797026859703828],
      "fScale" : [1, 1, 1]
    }, {
      "_typename" : "TGeoHMatrix",
      "fUniqueID" : 0,
      "fBits" : 2490368,
      "fName" : "",
      "fTitle" : "",
      "fTranslation" : [103.211927329676, -2.70455395343548, 145.820990696618],
      "fRotationMatrix" : [4.8803819628538e-17, -0.797026859703828, 0.603943859071896, 1, 3.3210216756173e-17, -3.69808956938549e-17, 9.41766069557071e-18, 0.603943859071896, 0.797026859703828],
      "fScale" : [1, 1, 1]
    }, {
      "_typename" : "TGeoHMatrix",
      "fUniqueID" : 0,
      "fBits" : 2228224,
      "fName" : "",
      "fTitle" : "",
      "fTranslation" : [123.8, -4.09771889094597, 156.867107069982],
      "fRotationMatrix" : [1, 0, 0, 0, 1, 0, 0, 0, 1],
      "fScale" : [1, 1, 1]
    }, {
      "_typename" : "TGeoHMatrix",
      "fUniqueID" : 0,
      "fBits" : 2228224,
      "fName" : "",
      "fTitle" : "",
      "fTranslation" : [0, 0, 154.742034456719],
      "fRotationMatrix" : [1, 0, 0, 0, 1, 0, 0, 0, 1],
      "fScale" : [1, 1, 1]
    }, {
      "_typename" : "TGeoHMatrix",
      "fUniqueID" : 0,
      "fBits" : 2228224,
      "fName" : "",
      "fTitle" : "",
      "fTranslation" : [0, 0, 151.634214139964],
      "fRotationMatrix" : [1, 0, 0, 0, 1, 0, 0, 0, 1],
      "fScale" : [1, 1, 1]
    }, {
      "_typename" : "TGeoHMatrix",
      "fUniqueID" : 0,
      "fBits" : 2490368,
      "fName" : "",
      "fTitle" : "",
      "fTranslation" : [114.455712400736, -2.90737543389346, 150.469540520202],
      "fRotationMatrix" : [4.75437940164271e-17, -0.776449079841289, 0.630179995250258, 1, 2.99141177165485e-17, -3.85873957034961e-17, 1.11098693269211e-17, 0.630179995250258, 0.776449079841289],
      "fScale" : [1, 1, 1]
    }, {
      "_typename" : "TGeoHMatrix",
      "fUniqueID" : 0,
      "fBits" : 2490368,
      "fName" : "",
      "fTitle" : "",
      "fTranslation" : [104.687922474357, -2.74323076731811, 138.434579782662],
      "fRotationMatrix" : [4.75437940164271e-17, -0.776449079841289, 0.630179995250258, 1, 2.99141177165485e-17, -3.85873957034961e-17, 1.11098693269211e-17, 0.630179995250258, 0.776449079841289],
      "fScale" : [1, 1, 1]
    }, {
      "_typename" : "TGeoHMatrix",
      "fUniqueID" : 0,
      "fBits" : 2228224,
      "fName" : "",
      "fTitle" : "",
      "fTranslation" : [124.4, -2.29771889094597, 152.374884739519],
      "fRotationMatrix" : [1, 0, 0, 0, 1, 0, 0, 0, 1],
      "fScale" : [1, 1, 1]
    }, {
      "_typename" : "TGeoHMatrix",
      "fUniqueID" : 0,
      "fBits" : 2228224,
      "fName" : "",
      "fTitle" : "",
      "fTranslation" : [0, 0, 147.179272302386],
      "fRotationMatrix" : [1, 0, 0, 0, 1, 0, 0, 0, 1],
      "fScale" : [1, 1, 1]
    }, {
      "_typename" : "TGeoHMatrix",
      "fUniqueID" : 0,
      "fBits" : 2228224,
      "fName" : "",
      "fTitle" : "",
      "fTranslation" : [0, 0, 142.649769479038],
      "fRotationMatrix" : [1, 0, 0, 0, 1, 0, 0, 0, 1],
      "fScale" : [1, 1, 1]
    }, {
      "_typename" : "TGeoHMatrix",
      "fUniqueID" : 0,
      "fBits" : 2490368,
      "fName" : "",
      "fTitle" : "",
      "fTranslation" : [115.180740621235, -2.92665867702969, 141.518683894481],
      "fRotationMatrix" : [4.617267802299e-17, -0.754057056371473, 0.656808918739985, 1, 2.62011628609347e-17, -4.02179469993178e-17, 1.31174692791887e-17, 0.656808918739985, 0.754057056371473],
      "fScale" : [1, 1, 1]
    }, {
      "_typename" : "TGeoHMatrix",
      "fUniqueID" : 0,
      "fBits" : 2490368,
      "fName" : "",
      "fTitle" : "",
      "fTranslation" : [105.000202380765, -2.7514137155229, 129.830799520723],
      "fRotationMatrix" : [4.617267802299e-17, -0.754057056371473, 0.656808918739985, 1, 2.62011628609347e-17, -4.02179469993178e-17, 1.31174692791887e-17, 0.656808918739985, 0.754057056371473],
      "fScale" : [1, 1, 1]
    }, {
      "_typename" : "TGeoHMatrix",
      "fUniqueID" : 0,
      "fBits" : 2228224,
      "fName" : "",
      "fTitle" : "",
      "fTranslation" : [124.4, -2.89771889094597, 148.01985177213],
      "fRotationMatrix" : [1, 0, 0, 0, 1, 0, 0, 0, 1],
      "fScale" : [1, 1, 1]
    }, {
      "_typename" : "TGeoHMatrix",
      "fUniqueID" : 0,
      "fBits" : 2228224,
      "fName" : "",
      "fTitle" : "",
      "fTranslation" : [0, 0, 138.33240767295],
      "fRotationMatrix" : [1, 0, 0, 0, 1, 0, 0, 0, 1],
      "fScale" : [1, 1, 1]
    }, {
      "_typename" : "TGeoHMatrix",
      "fUniqueID" : 0,
      "fBits" : 2228224,
      "fName" : "",
      "fTitle" : "",
      "fTranslation" : [0, 0, 133.939703544261],
      "fRotationMatrix" : [1, 0, 0, 0, 1, 0, 0, 0, 1],
      "fScale" : [1, 1, 1]
    }, {
      "_typename" : "TGeoHMatrix",
      "fUniqueID" : 0,
      "fBits" : 2490368,
      "fName" : "",
      "fTitle" : "",
      "fTranslation" : [115.909854864052, -2.94623359888299, 132.845082500765],
      "fRotationMatrix" : [4.46841385731932e-17, -0.729747362330168, 0.683716891097596, 1, 2.20075216528742e-17, -4.18655851102825e-17, 1.55043860213717e-17, 0.683716891097596, 0.729747362330168],
      "fScale" : [1, 1, 1]
    }, {
      "_typename" : "TGeoHMatrix",
      "fUniqueID" : 0,
      "fBits" : 2490368,
      "fName" : "",
      "fTitle" : "",
      "fTranslation" : [105.31224305204, -2.75959039483664, 121.533998384648],
      "fRotationMatrix" : [4.46841385731932e-17, -0.729747362330168, 0.683716891097596, 1, 2.20075216528742e-17, -4.18655851102825e-17, 1.55043860213717e-17, 0.683716891097596, 0.729747362330168],
      "fScale" : [1, 1, 1]
    }, {
      "_typename" : "TGeoHMatrix",
      "fUniqueID" : 0,
      "fBits" : 2228224,
      "fName" : "",
      "fTitle" : "",
      "fTranslation" : [124.4, -3.49771889094597, 143.789185189203],
      "fRotationMatrix" : [1, 0, 0, 0, 1, 0, 0, 0, 1],
      "fScale" : [1, 1, 1]
    }, {
      "_typename" : "TGeoHMatrix",
      "fUniqueID" : 0,
      "fBits" : 2228224,
      "fName" : "",
      "fTitle" : "",
      "fTranslation" : [0, 0, 129.746914276127],
      "fRotationMatrix" : [1, 0, 0, 0, 1, 0, 0, 0, 1],
      "fScale" : [1, 1, 1]
    }, {
      "_typename" : "TGeoHMatrix",
      "fUniqueID" : 0,
      "fBits" : 2228224,
      "fName" : "",
      "fTitle" : "",
      "fTranslation" : [0, 0, 125.478370378406],
      "fRotationMatrix" : [1, 0, 0, 0, 1, 0, 0, 0, 1],
      "fScale" : [1, 1, 1]
    }, {
      "_typename" : "TGeoHMatrix",
      "fUniqueID" : 0,
      "fBits" : 2490368,
      "fName" : "",
      "fTitle" : "",
      "fTranslation" : [116.639041002488, -2.966016833645, 124.423236856916],
      "fRotationMatrix" : [4.3072196325522e-17, -0.703422347659923, 0.710772115950396, 1, 1.72553542927674e-17, -4.35222398360922e-17, 1.83498914387781e-17, 0.710772115950396, 0.703422347659923],
      "fScale" : [1, 1, 1]
    }, {
      "_typename" : "TGeoHMatrix",
      "fUniqueID" : 0,
      "fBits" : 2490368,
      "fName" : "",
      "fTitle" : "",
      "fTranslation" : [105.622073205257, -2.76770914997917, 113.520190468187],
      "fRotationMatrix" : [4.3072196325522e-17, -0.703422347659923, 0.710772115950396, 1, 1.72553542927674e-17, -4.35222398360922e-17, 1.83498914387781e-17, 0.710772115950396, 0.703422347659923],
      "fScale" : [1, 1, 1]
    }, {
      "_typename" : "TGeoHMatrix",
      "fUniqueID" : 0,
      "fBits" : 2228224,
      "fName" : "",
      "fTitle" : "",
      "fTranslation" : [124.4, -4.09771889094597, 139.670650554772],
      "fRotationMatrix" : [1, 0, 0, 0, 1, 0, 0, 0, 1],
      "fScale" : [1, 1, 1]
    }, {
      "_typename" : "TGeoHMatrix",
      "fUniqueID" : 0,
      "fBits" : 2228224,
      "fName" : "",
      "fTitle" : "",
      "fTranslation" : [0, 0, 121.397708614199],
      "fRotationMatrix" : [1, 0, 0, 0, 1, 0, 0, 0, 1],
      "fScale" : [1, 1, 1]
    }, {
      "_typename" : "TGeoHMatrix",
      "fUniqueID" : 0,
      "fBits" : 2228224,
      "fName" : "",
      "fTitle" : "",
      "fTranslation" : [0, 0, 117.241301109544],
      "fRotationMatrix" : [1, 0, 0, 0, 1, 0, 0, 0, 1],
      "fScale" : [1, 1, 1]
    }, {
      "_typename" : "TGeoHMatrix",
      "fUniqueID" : 0,
      "fBits" : 2490368,
      "fName" : "",
      "fTitle" : "",
      "fTranslation" : [117.363760907416, -2.98591169103504, 116.228811665261],
      "fRotationMatrix" : [4.13313985703706e-17, -0.67499296285504, 0.737824166110175, 1, 1.18482150675066e-17, -4.51787001680195e-17, 2.17534052822739e-17, 0.737824166110175, 0.67499296285504],
      "fScale" : [1, 1, 1]
    }, {
      "_typename" : "TGeoHMatrix",
      "fUniqueID" : 0,
      "fBits" : 2490368,
      "fName" : "",
      "fTitle" : "",
      "fTranslation" : [105.927486332708, -2.77571216186597, 105.766420741008],
      "fRotationMatrix" : [4.13313985703706e-17, -0.67499296285504, 0.737824166110175, 1, 1.18482150675066e-17, -4.51787001680195e-17, 2.17534052822739e-17, 0.737824166110175, 0.67499296285504],
      "fScale" : [1, 1, 1]
    }, {
      "_typename" : "TGeoHMatrix",
      "fUniqueID" : 0,
      "fBits" : 2228224,
      "fName" : "",
      "fTitle" : "",
      "fTranslation" : [125, -2.29771889094597, 135.652617162602],
      "fRotationMatrix" : [1, 0, 0, 0, 1, 0, 0, 0, 1],
      "fScale" : [1, 1, 1]
    }, {
      "_typename" : "TGeoHMatrix",
      "fUniqueID" : 0,
      "fBits" : 2228224,
      "fName" : "",
      "fTitle" : "",
      "fTranslation" : [0, 0, 113.260899242319],
      "fRotationMatrix" : [1, 0, 0, 0, 1, 0, 0, 0, 1],
      "fScale" : [1, 1, 1]
    }, {
      "_typename" : "TGeoHMatrix",
      "fUniqueID" : 0,
      "fBits" : 2228224,
      "fName" : "",
      "fTitle" : "",
      "fTranslation" : [0, 0, 109.205234325204],
      "fRotationMatrix" : [1, 0, 0, 0, 1, 0, 0, 0, 1],
      "fScale" : [1, 1, 1]
    }, {
      "_typename" : "TGeoHMatrix",
      "fUniqueID" : 0,
      "fBits" : 2490368,
      "fName" : "",
      "fTitle" : "",
      "fTranslation" : [118.078952921314, -3.00580771644931, 108.238661446977],
      "fRotationMatrix" : [3.94570127154439e-17, -0.644381918817988, 0.76470382678554, 1, 5.66443318145106e-18, -4.68246046884322e-17, 2.5841314886599e-17, 0.76470382678554, 0.644381918817988],
      "fScale" : [1, 1, 1]
    }, {
      "_typename" : "TGeoHMatrix",
      "fUniqueID" : 0,
      "fBits" : 2490368,
      "fName" : "",
      "fTitle" : "",
      "fTranslation" : [106.226043606139, -2.78353552371061, 98.2507417052984],
      "fRotationMatrix" : [3.94570127154439e-17, -0.644381918817988, 0.76470382678554, 1, 5.66443318145106e-18, -4.68246046884322e-17, 2.5841314886599e-17, 0.76470382678554, 0.644381918817988],
      "fScale" : [1, 1, 1]
    }, {
      "_typename" : "TGeoHMatrix",
      "fUniqueID" : 0,
      "fBits" : 2228224,
      "fName" : "",
      "fTitle" : "",
      "fTranslation" : [125, -2.89771889094597, 131.724078260736],
      "fRotationMatrix" : [1, 0, 0, 0, 1, 0, 0, 0, 1],
      "fScale" : [1, 1, 1]
    }, {
      "_typename" : "TGeoHMatrix",
      "fUniqueID" : 0,
      "fBits" : 2228224,
      "fName" : "",
      "fTitle" : "",
      "fTranslation" : [0, 0, 105.313822911125],
      "fRotationMatrix" : [1, 0, 0, 0, 1, 0, 0, 0, 1],
      "fScale" : [1, 1, 1]
    }, {
      "_typename" : "TGeoHMatrix",
      "fUniqueID" : 0,
      "fBits" : 2228224,
      "fName" : "",
      "fTitle" : "",
      "fTranslation" : [0, 0, 101.348156521472],
      "fRotationMatrix" : [1, 0, 0, 0, 1, 0, 0, 0, 1],
      "fScale" : [1, 1, 1]
    }, {
      "_typename" : "TGeoHMatrix",
      "fUniqueID" : 0,
      "fBits" : 2490368,
      "fName" : "",
      "fTitle" : "",
      "fTranslation" : [118.779047732264, -3.02558055594968, 100.430865821364],
      "fRotationMatrix" : [3.74452373258598e-17, -0.611527133405822, 0.791223460918885, 1, -1.45263217508716e-18, -4.84484639412302e-17, 3.07769069289104e-17, 0.791223460918885, 0.611527133405822],
      "fScale" : [1, 1, 1]
    }, {
      "_typename" : "TGeoHMatrix",
      "fUniqueID" : 0,
      "fBits" : 2490368,
      "fName" : "",
      "fTitle" : "",
      "fTranslation" : [106.515084088021, -2.7911095085998, 90.9521952535734],
      "fRotationMatrix" : [3.74452373258598e-17, -0.611527133405822, 0.791223460918885, 1, -1.45263217508716e-18, -4.84484639412302e-17, 3.07769069289104e-17, 0.791223460918885, 0.611527133405822],
      "fScale" : [1, 1, 1]
    }, {
      "_typename" : "TGeoHMatrix",
      "fUniqueID" : 0,
      "fBits" : 2228224,
      "fName" : "",
      "fTitle" : "",
      "fTranslation" : [125, -3.49771889094597, 127.874674960861],
      "fRotationMatrix" : [1, 0, 0, 0, 1, 0, 0, 0, 1],
      "fScale" : [1, 1, 1]
    }, {
      "_typename" : "TGeoHMatrix",
      "fUniqueID" : 0,
      "fBits" : 2228224,
      "fName" : "",
      "fTitle" : "",
      "fTranslation" : [0, 0, 97.5350895795903],
      "fRotationMatrix" : [1, 0, 0, 0, 1, 0, 0, 0, 1],
      "fScale" : [1, 1, 1]
    }, {
      "_typename" : "TGeoHMatrix",
      "fUniqueID" : 0,
      "fBits" : 2228224,
      "fName" : "",
      "fTitle" : "",
      "fTranslation" : [0, 0, 93.6493499217219],
      "fRotationMatrix" : [1, 0, 0, 0, 1, 0, 0, 0, 1],
      "fScale" : [1, 1, 1]
    }, {
      "_typename" : "TGeoHMatrix",
      "fUniqueID" : 0,
      "fBits" : 2490368,
      "fName" : "",
      "fTitle" : "",
      "fTranslation" : [119.458002574905, -3.04509220518267, 92.7847718436418],
      "fRotationMatrix" : [3.52934258644603e-17, -0.576385385386757, 0.817178002342549, 1, -9.70930104455437e-18, -5.00377212451216e-17, 3.67752384754759e-17, 0.817178002342549, 0.576385385386757],
      "fScale" : [1, 1, 1]
    }, {
      "_typename" : "TGeoHMatrix",
      "fUniqueID" : 0,
      "fBits" : 2490368,
      "fName" : "",
      "fTitle" : "",
      "fTranslation" : [106.791743538595, -2.79835906231092, 83.8507983701471],
      "fRotationMatrix" : [3.52934258644603e-17, -0.576385385386757, 0.817178002342549, 1, -9.70930104455437e-18, -5.00377212451216e-17, 3.67752384754759e-17, 0.817178002342549, 0.576385385386757],
      "fScale" : [1, 1, 1]
    }, {
      "_typename" : "TGeoHMatrix",
      "fUniqueID" : 0,
      "fBits" : 2228224,
      "fName" : "",
      "fTitle" : "",
      "fTranslation" : [125, -4.09771889094597, 124.094721993372],
      "fRotationMatrix" : [1, 0, 0, 0, 1, 0, 0, 0, 1],
      "fScale" : [1, 1, 1]
    }, {
      "_typename" : "TGeoHMatrix",
      "fUniqueID" : 0,
      "fBits" : 2228224,
      "fName" : "",
      "fTitle" : "",
      "fTranslation" : [0, 0, 89.9046330947853],
      "fRotationMatrix" : [1, 0, 0, 0, 1, 0, 0, 0, 1],
      "fScale" : [1, 1, 1]
    }, {
      "_typename" : "TGeoHMatrix",
      "fUniqueID" : 0,
      "fBits" : 2228224,
      "fName" : "",
      "fTitle" : "",
      "fTranslation" : [0, 0, 86.089443986745],
      "fRotationMatrix" : [1, 0, 0, 0, 1, 0, 0, 0, 1],
      "fScale" : [1, 1, 1]
    }, {
      "_typename" : "TGeoHMatrix",
      "fUniqueID" : 0,
      "fBits" : 2490368,
      "fName" : "",
      "fTitle" : "",
      "fTranslation" : [120.109356414577, -3.06419172145722, 85.2810398915204],
      "fRotationMatrix" : [3.30003162544802e-17, -0.53893606348306, 0.842346674165324, 1, -1.93844202955816e-17, -5.15788579144492e-17, 4.41261086099713e-17, 0.842346674165324, 0.53893606348306],
      "fScale" : [1, 1, 1]
    }, {
      "_typename" : "TGeoHMatrix",
      "fUniqueID" : 0,
      "fBits" : 2490368,
      "fName" : "",
      "fTitle" : "",
      "fTranslation" : [107.052982965014, -2.80520455141082, 76.9275309075329],
      "fRotationMatrix" : [3.30003162544802e-17, -0.53893606348306, 0.842346674165324, 1, -1.93844202955816e-17, -5.15788579144492e-17, 4.41261086099713e-17, 0.842346674165324, 0.53893606348306],
      "fScale" : [1, 1, 1]
    }, {
      "_typename" : "TGeoHMatrix",
      "fUniqueID" : 0,
      "fBits" : 2228224,
      "fName" : "",
      "fTitle" : "",
      "fTranslation" : [125.6, -2.29771889094597, 120.375232968058],
      "fRotationMatrix" : [1, 0, 0, 0, 1, 0, 0, 0, 1],
      "fScale" : [1, 1, 1]
    }, {
      "_typename" : "TGeoHMatrix",
      "fUniqueID" : 0,
      "fBits" : 2228224,
      "fName" : "",
      "fTitle" : "",
      "fTranslation" : [0, 0, 82.4037633338905],
      "fRotationMatrix" : [1, 0, 0, 0, 1, 0, 0, 0, 1],
      "fScale" : [1, 1, 1]
    }, {
      "_typename" : "TGeoHMatrix",
      "fUniqueID" : 0,
      "fBits" : 2228224,
      "fName" : "",
      "fTitle" : "",
      "fTranslation" : [0, 0, 78.6504659361163],
      "fRotationMatrix" : [1, 0, 0, 0, 1, 0, 0, 0, 1],
      "fScale" : [1, 1, 1]
    }, {
      "_typename" : "TGeoHMatrix",
      "fUniqueID" : 0,
      "fBits" : 2490368,
      "fName" : "",
      "fTitle" : "",
      "fTranslation" : [120.726308218349, -3.08271647246556, 77.9016886403164],
      "fRotationMatrix" : [3.05662572858522e-17, -0.499184863866603, 0.866495511636662, 1, -3.08660594594536e-17, -5.30575477400693e-17, 5.32308267292492e-17, 0.866495511636662, 0.499184863866603],
      "fScale" : [1, 1, 1]
    }, {
      "_typename" : "TGeoHMatrix",
      "fUniqueID" : 0,
      "fBits" : 2490368,
      "fName" : "",
      "fTitle" : "",
      "fTranslation" : [107.295627787981, -2.81156278957392, 70.1643232503841],
      "fRotationMatrix" : [3.05662572858522e-17, -0.499184863866603, 0.866495511636662, 1, -3.08660594594536e-17, -5.30575477400693e-17, 5.32308267292492e-17, 0.866495511636662, 0.499184863866603],
      "fScale" : [1, 1, 1]
    }, {
      "_typename" : "TGeoHMatrix",
      "fUniqueID" : 0,
      "fBits" : 2228224,
      "fName" : "",
      "fTitle" : "",
      "fTranslation" : [125.6, -2.89771889094597, 116.707942328898],
      "fRotationMatrix" : [1, 0, 0, 0, 1, 0, 0, 0, 1],
      "fScale" : [1, 1, 1]
    }, {
      "_typename" : "TGeoHMatrix",
      "fUniqueID" : 0,
      "fBits" : 2228224,
      "fName" : "",
      "fTitle" : "",
      "fTranslation" : [0, 0, 75.0152146155684],
      "fRotationMatrix" : [1, 0, 0, 0, 1, 0, 0, 0, 1],
      "fScale" : [1, 1, 1]
    }, {
      "_typename" : "TGeoHMatrix",
      "fUniqueID" : 0,
      "fBits" : 2228224,
      "fName" : "",
      "fTitle" : "",
      "fTranslation" : [0, 0, 71.3158846577957],
      "fRotationMatrix" : [1, 0, 0, 0, 1, 0, 0, 0, 1],
      "fScale" : [1, 1, 1]
    }, {
      "_typename" : "TGeoHMatrix",
      "fUniqueID" : 0,
      "fBits" : 2490368,
      "fName" : "",
      "fTitle" : "",
      "fTranslation" : [121.301819542672, -3.10049398202045, 70.6301337725631],
      "fRotationMatrix" : [2.79934208870853e-17, -0.457167256821729, 0.889380739216954, 1, -4.47128339338801e-17, -5.44588637752675e-17, 6.46635426583665e-17, 0.889380739216954, 0.457167256821729],
      "fScale" : [1, 1, 1]
    }, {
      "_typename" : "TGeoHMatrix",
      "fUniqueID" : 0,
      "fBits" : 2490368,
      "fName" : "",
      "fTitle" : "",
      "fTranslation" : [107.516418084809, -2.81734835414593, 63.5440412918263],
      "fRotationMatrix" : [2.79934208870853e-17, -0.457167256821729, 0.889380739216954, 1, -4.47128339338801e-17, -5.44588637752675e-17, 6.46635426583665e-17, 0.889380739216954, 0.457167256821729],
      "fScale" : [1, 1, 1]
    }, {
      "_typename" : "TGeoHMatrix",
      "fUniqueID" : 0,
      "fBits" : 2228224,
      "fName" : "",
      "fTitle" : "",
      "fTranslation" : [125.6, -3.49771889094597, 113.085320805926],
      "fRotationMatrix" : [1, 0, 0, 0, 1, 0, 0, 0, 1],
      "fScale" : [1, 1, 1]
    }, {
      "_typename" : "TGeoHMatrix",
      "fUniqueID" : 0,
      "fBits" : 2228224,
      "fName" : "",
      "fTitle" : "",
      "fTranslation" : [0, 0, 67.7231843140397],
      "fRotationMatrix" : [1, 0, 0, 0, 1, 0, 0, 0, 1],
      "fScale" : [1, 1, 1]
    }, {
      "_typename" : "TGeoHMatrix",
      "fUniqueID" : 0,
      "fBits" : 2228224,
      "fName" : "",
      "fTitle" : "",
      "fTranslation" : [0, 0, 64.070641611852],
      "fRotationMatrix" : [1, 0, 0, 0, 1, 0, 0, 0, 1],
      "fScale" : [1, 1, 1]
    }, {
      "_typename" : "TGeoHMatrix",
      "fUniqueID" : 0,
      "fBits" : 2490368,
      "fName" : "",
      "fTitle" : "",
      "fTranslation" : [121.828741456641, -3.11734441154543, 63.4512143377546],
      "fRotationMatrix" : [2.52859876175964e-17, -0.412951516064901, 0.910753010085446, 1, -6.17614040043339e-17, -5.57675379307479e-17, 7.92786739397596e-17, 0.910753010085446, 0.412951516064901],
      "fScale" : [1, 1, 1]
    }, {
      "_typename" : "TGeoHMatrix",
      "fUniqueID" : 0,
      "fBits" : 2490368,
      "fName" : "",
      "fTitle" : "",
      "fTranslation" : [107.712069800316, -2.82247519010725, 57.0504658387487],
      "fRotationMatrix" : [2.52859876175964e-17, -0.412951516064901, 0.910753010085446, 1, -6.17614040043339e-17, -5.57675379307479e-17, 7.92786739397596e-17, 0.910753010085446, 0.412951516064901],
      "fScale" : [1, 1, 1]
    }, {
      "_typename" : "TGeoHMatrix",
      "fUniqueID" : 0,
      "fBits" : 2228224,
      "fName" : "",
      "fTitle" : "",
      "fTranslation" : [125.6, -4.09771889094597, 109.500580932451],
      "fRotationMatrix" : [1, 0, 0, 0, 1, 0, 0, 0, 1],
      "fScale" : [1, 1, 1]
    }, {
      "_typename" : "TGeoHMatrix",
      "fUniqueID" : 0,
      "fBits" : 2228224,
      "fName" : "",
      "fTitle" : "",
      "fTranslation" : [0, 0, 60.5133549731482],
      "fRotationMatrix" : [1, 0, 0, 0, 1, 0, 0, 0, 1],
      "fScale" : [1, 1, 1]
    }, {
      "_typename" : "TGeoHMatrix",
      "fUniqueID" : 0,
      "fBits" : 2228224,
      "fName" : "",
      "fTitle" : "",
      "fTranslation" : [0, 0, 56.9011618649021],
      "fRotationMatrix" : [1, 0, 0, 0, 1, 0, 0, 0, 1],
      "fScale" : [1, 1, 1]
    }, {
      "_typename" : "TGeoHMatrix",
      "fUniqueID" : 0,
      "fBits" : 2490368,
      "fName" : "",
      "fTitle" : "",
      "fTranslation" : [122.299964293249, -3.13308368535619, 56.3512002347173],
      "fRotationMatrix" : [2.24502916686563e-17, -0.366641086789874, 0.930362463493417, 1, -8.33263102617701e-17, -5.6968270648203e-17, 9.84105799519541e-17, 0.930362463493417, 0.366641086789874],
      "fScale" : [1, 1, 1]
    }, {
      "_typename" : "TGeoHMatrix",
      "fUniqueID" : 0,
      "fBits" : 2490368,
      "fName" : "",
      "fTitle" : "",
      "fTranslation" : [107.879346109101, -2.82685848004229, 50.6682633894742],
      "fRotationMatrix" : [2.24502916686563e-17, -0.366641086789874, 0.930362463493417, 1, -8.33263102617701e-17, -5.6968270648203e-17, 9.84105799519541e-17, 0.930362463493417, 0.366641086789874],
      "fScale" : [1, 1, 1]
    }, {
      "_typename" : "TGeoHMatrix",
      "fUniqueID" : 0,
      "fBits" : 2228224,
      "fName" : "",
      "fTitle" : "",
      "fTranslation" : [126.2, -2.29771889094597, 105.947669179426],
      "fRotationMatrix" : [1, 0, 0, 0, 1, 0, 0, 0, 1],
      "fScale" : [1, 1, 1]
    }, {
      "_typename" : "TGeoHMatrix",
      "fUniqueID" : 0,
      "fBits" : 2228224,
      "fName" : "",
      "fTitle" : "",
      "fTranslation" : [0, 0, 53.372892953901],
      "fRotationMatrix" : [1, 0, 0, 0, 1, 0, 0, 0, 1],
      "fScale" : [1, 1, 1]
    }, {
      "_typename" : "TGeoHMatrix",
      "fUniqueID" : 0,
      "fBits" : 2228224,
      "fName" : "",
      "fTitle" : "",
      "fTranslation" : [0, 0, 49.7953383588528],
      "fRotationMatrix" : [1, 0, 0, 0, 1, 0, 0, 0, 1],
      "fScale" : [1, 1, 1]
    }, {
      "_typename" : "TGeoHMatrix",
      "fUniqueID" : 0,
      "fBits" : 2490368,
      "fName" : "",
      "fTitle" : "",
      "fTranslation" : [122.708586945852, -3.14752722842969, 49.3177742606957],
      "fRotationMatrix" : [9.01885991409731e-17, -0.318376065438062, 0.947964493510268, 1, 1.10444773372402e-16, -5.80460841341345e-17, -8.62172397701129e-17, 0.947964493510268, 0.318376065438062],
      "fScale" : [1, 1, 1]
    }, {
      "_typename" : "TGeoHMatrix",
      "fUniqueID" : 0,
      "fBits" : 2490368,
      "fName" : "",
      "fTitle" : "",
      "fTranslation" : [108.015137296442, -2.83041673732967, 44.3829452464057],
      "fRotationMatrix" : [9.01885991409731e-17, -0.318376065438062, 0.947964493510268, 1, 1.10444773372402e-16, -5.80460841341345e-17, -8.62172397701129e-17, 0.947964493510268, 0.318376065438062],
      "fScale" : [1, 1, 1]
    }, {
      "_typename" : "TGeoHMatrix",
      "fUniqueID" : 0,
      "fBits" : 2228224,
      "fName" : "",
      "fTitle" : "",
      "fTranslation" : [126.2, -2.89771889094597, 102.421241520285],
      "fRotationMatrix" : [1, 0, 0, 0, 1, 0, 0, 0, 1],
      "fScale" : [1, 1, 1]
    }, {
      "_typename" : "TGeoHMatrix",
      "fUniqueID" : 0,
      "fBits" : 2228224,
      "fName" : "",
      "fTitle" : "",
      "fTranslation" : [0, 0, 46.2904168871368],
      "fRotationMatrix" : [1, 0, 0, 0, 1, 0, 0, 0, 1],
      "fScale" : [1, 1, 1]
    }, {
      "_typename" : "TGeoHMatrix",
      "fUniqueID" : 0,
      "fBits" : 2228224,
      "fName" : "",
      "fTitle" : "",
      "fTranslation" : [0, 0, 42.7424830405707],
      "fRotationMatrix" : [1, 0, 0, 0, 1, 0, 0, 0, 1],
      "fScale" : [1, 1, 1]
    }, {
      "_typename" : "TGeoHMatrix",
      "fUniqueID" : 0,
      "fBits" : 2490368,
      "fName" : "",
      "fTitle" : "",
      "fTranslation" : [123.04810052297, -3.16049423903087, 42.3399826712438],
      "fRotationMatrix" : [7.60127166246449e-17, -0.268333579551281, 0.963326055956755, 1, 7.15127914932953e-17, -5.89867085481341e-17, -5.3062020729025e-17, 0.963326055956755, 0.268333579551281],
      "fScale" : [1, 1, 1]
    }, {
      "_typename" : "TGeoHMatrix",
      "fUniqueID" : 0,
      "fBits" : 2490368,
      "fName" : "",
      "fTitle" : "",
      "fTranslation" : [108.11654665564, -2.83307405698671, 38.1808121881989],
      "fRotationMatrix" : [7.60127166246449e-17, -0.268333579551281, 0.963326055956755, 1, 7.15127914932953e-17, -5.89867085481341e-17, -5.3062020729025e-17, 0.963326055956755, 0.268333579551281],
      "fScale" : [1, 1, 1]
    }, {
      "_typename" : "TGeoHMatrix",
      "fUniqueID" : 0,
      "fBits" : 2228224,
      "fName" : "",
      "fTitle" : "",
      "fTranslation" : [126.2, -3.49771889094597, 98.9166198199098],
      "fRotationMatrix" : [1, 0, 0, 0, 1, 0, 0, 0, 1],
      "fScale" : [1, 1, 1]
    }, {
      "_typename" : "TGeoHMatrix",
      "fUniqueID" : 0,
      "fBits" : 2228224,
      "fName" : "",
      "fTitle" : "",
      "fTranslation" : [0, 0, 39.2559300463146],
      "fRotationMatrix" : [1, 0, 0, 0, 1, 0, 0, 0, 1],
      "fScale" : [1, 1, 1]
    }, {
      "_typename" : "TGeoHMatrix",
      "fUniqueID" : 0,
      "fBits" : 2228224,
      "fName" : "",
      "fTitle" : "",
      "fTranslation" : [0, 0, 35.7332396398195],
      "fRotationMatrix" : [1, 0, 0, 0, 1, 0, 0, 0, 1],
      "fScale" : [1, 1, 1]
    }, {
      "_typename" : "TGeoHMatrix",
      "fUniqueID" : 0,
      "fBits" : 2490368,
      "fName" : "",
      "fTitle" : "",
      "fTranslation" : [123.312579311853, -3.17181236833034, 35.4081493008266],
      "fRotationMatrix" : [6.13937320271325e-17, -0.216726892661949, 0.976232274613525, 1, 1.40153742495434e-17, -5.97769865164896e-17, -7.26980142777528e-19, 0.976232274613525, 0.216726892661949],
      "fScale" : [1, 1, 1]
    }, {
      "_typename" : "TGeoHMatrix",
      "fUniqueID" : 0,
      "fBits" : 2490368,
      "fName" : "",
      "fTitle" : "",
      "fTranslation" : [108.180979055344, -2.83476243647787, 32.0488824645664],
      "fRotationMatrix" : [6.13937320271325e-17, -0.216726892661949, 0.976232274613525, 1, 1.40153742495434e-17, -5.97769865164896e-17, -7.26980142777528e-19, 0.976232274613525, 0.216726892661949],
      "fScale" : [1, 1, 1]
    }, {
      "_typename" : "TGeoHMatrix",
      "fUniqueID" : 0,
      "fBits" : 2228224,
      "fName" : "",
      "fTitle" : "",
      "fTranslation" : [126.2, -4.09771889094597, 95.4297273502026],
      "fRotationMatrix" : [1, 0, 0, 0, 1, 0, 0, 0, 1],
      "fScale" : [1, 1, 1]
    }, {
      "_typename" : "TGeoHMatrix",
      "fUniqueID" : 0,
      "fBits" : 2228224,
      "fName" : "",
      "fTitle" : "",
      "fTranslation" : [0, 0, 32.2607122563043],
      "fRotationMatrix" : [1, 0, 0, 0, 1, 0, 0, 0, 1],
      "fScale" : [1, 1, 1]
    }, {
      "_typename" : "TGeoHMatrix",
      "fUniqueID" : 0,
      "fBits" : 2228224,
      "fName" : "",
      "fTitle" : "",
      "fTranslation" : [0, 0, 28.7594547004052],
      "fRotationMatrix" : [1, 0, 0, 0, 1, 0, 0, 0, 1],
      "fScale" : [1, 1, 1]
    }, {
      "_typename" : "TGeoHMatrix",
      "fUniqueID" : 0,
      "fBits" : 2490368,
      "fName" : "",
      "fTitle" : "",
      "fTranslation" : [123.496870389318, -3.1813226294671, 28.5137500237811],
      "fRotationMatrix" : [4.64016467582511e-17, -0.163803117749362, 0.986493050464923, 1, -8.05097010073528e-17, -6.04052778316488e-17, 8.93168333761028e-17, 0.986493050464923, 0.163803117749362],
      "fScale" : [1, 1, 1]
    }, {
      "_typename" : "TGeoHMatrix",
      "fUniqueID" : 0,
      "fBits" : 2490368,
      "fName" : "",
      "fTitle" : "",
      "fTranslation" : [108.206228107111, -2.83542405984395, 25.974801698666],
      "fRotationMatrix" : [4.64016467582511e-17, -0.163803117749362, 0.986493050464923, 1, -8.05097010073528e-17, -6.04052778316488e-17, 8.93168333761028e-17, 0.986493050464923, 0.163803117749362],
      "fScale" : [1, 1, 1]
    }, {
      "_typename" : "TGeoHMatrix",
      "fUniqueID" : 0,
      "fBits" : 2228224,
      "fName" : "",
      "fTitle" : "",
      "fTranslation" : [126.8, -2.29771889094597, 91.9570029402555],
      "fRotationMatrix" : [1, 0, 0, 0, 1, 0, 0, 0, 1],
      "fScale" : [1, 1, 1]
    }, {
      "_typename" : "TGeoHMatrix",
      "fUniqueID" : 0,
      "fBits" : 2228224,
      "fName" : "",
      "fTitle" : "",
      "fTranslation" : [0, 0, 25.2971690912041],
      "fRotationMatrix" : [1, 0, 0, 0, 1, 0, 0, 0, 1],
      "fScale" : [1, 1, 1]
    }, {
      "_typename" : "TGeoHMatrix",
      "fUniqueID" : 0,
      "fBits" : 2228224,
      "fName" : "",
      "fTitle" : "",
      "fTranslation" : [0, 0, 21.8140058805109],
      "fRotationMatrix" : [1, 0, 0, 0, 1, 0, 0, 0, 1],
      "fScale" : [1, 1, 1]
    }, {
      "_typename" : "TGeoHMatrix",
      "fUniqueID" : 0,
      "fBits" : 2490368,
      "fName" : "",
      "fTitle" : "",
      "fTranslation" : [123.596772083419, -3.18888431494549, 21.6492466285357],
